Beta Value -  0.1
Clustering with 1000 elements and 35 clusters
[ 0] 0, 24, 26, 29, 35, 42, 65, 68, 74, 75, 81, 83, 88, 95, 118, 129, 141,
     149, 192, 198, 208, 253, 256, 269, 282, 288, 299, 306, 318, 332, 337,
     342, 365, 366, 395, 402, 403, 411, 422, 434, 453, 469, 473, 476, 477,
     490, 508, 512, 515, 536, 546, 547, 552, 556, 557, 560, 561, 573, 576,
     578, 583, 594, 606, 615, 639, 640, 642, 649, 655, 705, 733, 769, 772,
     773, 788, 798, 801, 816, 817, 818, 825, 833, 835, 843, 863, 865, 896,
     899, 904, 905, 924, 934, 941, 943, 962, 973, 984
[ 1] 1, 49, 64, 66, 77, 85, 87, 124, 128, 132, 133, 139, 145, 148, 151, 155,
     157, 176, 179, 186, 199, 216, 219, 221, 234, 236, 242, 247, 254, 273,
     274, 289, 290, 355, 357, 360, 372, 391, 401, 420, 426, 428, 433, 442,
     445, 461, 464, 482, 541, 566, 567, 574, 579, 582, 586, 596, 600, 647,
     662, 664, 665, 678, 700, 727, 736, 746, 750, 761, 768, 775, 776, 782,
     839, 849, 850, 859, 866, 881, 919, 920, 922, 927, 935, 954, 972, 986, 999
[ 2] 19, 54, 62, 70, 93, 122, 143, 195, 207, 212, 218, 224, 227, 283, 285,
     298, 300, 314, 320, 323, 343, 348, 379, 384, 385, 418, 419, 425, 432,
     439, 444, 456, 496, 502, 518, 527, 534, 555, 570, 591, 593, 602, 604,
     618, 645, 680, 681, 691, 737, 745, 759, 781, 785, 794, 795, 803, 804,
     844, 891, 900, 925, 929, 930, 948, 957, 991
[ 3] 59, 86, 131, 137, 144, 166, 205, 215, 235, 243, 251, 255, 272, 295, 301,
     317, 330, 334, 336, 374, 382, 383, 393, 400, 414, 465, 466, 468, 543,
     548, 564, 595, 610, 671, 687, 688, 699, 702, 744, 753, 787, 808, 819,
     820, 822, 832, 837, 858, 873, 892, 937, 942, 945, 960, 964, 969, 992
[ 4] 21, 45, 67, 71, 94, 135, 165, 168, 187, 191, 203, 213, 232, 257, 260,
     275, 293, 309, 315, 324, 326, 339, 347, 349, 373, 421, 435, 450, 458,
     474, 483, 488, 529, 550, 569, 641, 677, 701, 704, 714, 721, 735, 739,
     767, 805, 811, 814, 834, 870, 878, 894, 895, 902, 906, 914, 938, 963,
     965, 968, 983, 989, 996
[ 5] 12, 13, 18, 30, 53, 84, 112, 125, 183, 204, 244, 252, 277, 327, 333, 335,
     430, 454, 479, 514, 521, 524, 590, 650, 676, 696, 707, 713, 723, 729,
     743, 763, 793, 797, 802, 838, 875, 890, 910, 916, 917, 936, 947, 951,
     953, 980, 981, 985, 987
[ 6] 4, 14, 46, 92, 100, 117, 136, 147, 184, 231, 249, 279, 329, 358, 377,
     389, 390, 448, 462, 485, 495, 497, 511, 516, 517, 522, 526, 531, 540,
     542, 545, 587, 598, 636, 660, 695, 715, 720, 734, 748, 755, 800, 840,
     841, 842, 857, 861, 864, 869, 877, 978, 979, 997
[ 7] 11, 22, 106, 127, 164, 175, 194, 197, 200, 201, 206, 238, 276, 280, 325,
     341, 363, 369, 392, 412, 416, 449, 455, 459, 472, 487, 509, 549, 601,
     607, 608, 619, 620, 624, 634, 635, 637, 711, 724, 725, 730, 813, 836,
     848, 853, 883, 966, 994
[ 8] 27, 31, 37, 50, 98, 138, 140, 160, 161, 163, 237, 241, 278, 304, 331,
     340, 351, 387, 388, 404, 405, 415, 467, 475, 491, 506, 513, 519, 539,
     554, 568, 613, 630, 644, 672, 686, 709, 777, 783, 784, 786, 790, 796,
     799, 831, 860, 880, 898, 901, 967
[ 9] 73, 108, 115, 130, 178, 181, 228, 259, 261, 291, 303, 307, 338, 346, 381,
     417, 446, 457, 486, 498, 528, 530, 538, 571, 599, 603, 614, 617, 658,
     663, 673, 693, 706, 712, 732, 742, 765, 792, 846, 879, 888, 908, 923, 950
[10] 61, 63, 78, 107, 113, 173, 202, 214, 230, 233, 292, 316, 352, 353, 354,
     362, 376, 386, 397, 409, 440, 470, 471, 499, 563, 575, 597, 609, 628,
     648, 657, 692, 758, 766, 771, 778, 828, 868, 885, 887, 903, 911, 926, 949
[11] 3, 51, 69, 79, 80, 169, 171, 182, 220, 262, 270, 271, 297, 396, 436, 438,
     520, 572, 584, 592, 623, 631, 682, 683, 684, 716, 738, 752, 815, 882,
     889, 959, 961, 990, 995
[12] 16, 25, 32, 38, 44, 90, 96, 116, 126, 162, 239, 246, 248, 294, 305, 345,
     350, 364, 398, 612, 654, 656, 661, 698, 754, 764, 779, 827, 886, 913
[13] 101, 105, 120, 209, 211, 217, 226, 229, 296, 463, 504, 629, 710, 728,
     740, 823, 852, 921, 932, 940, 982, 993
[14] 5, 7, 15, 20, 34, 40, 150, 172, 287, 322, 525, 544, 580, 589, 659, 666,
     670, 708, 806, 826, 856, 931, 970
[15] 142, 302, 328, 367, 375, 427, 494, 581, 585, 588, 616, 625, 674, 719,
     731, 762, 845, 876, 939, 955, 958
[16] 60, 109, 121, 240, 263, 266, 344, 378, 380, 489, 532, 622, 626, 632, 633,
     718, 867, 974
[17] 76, 114, 210, 250, 451, 484, 492, 503, 537, 621, 643, 668, 675, 741, 747,
     751, 757, 988
[18] 36, 82, 89, 99, 111, 123, 146, 177, 222, 264, 359, 437, 605, 652, 722,
     726, 774, 872, 975
[19] 361, 429, 460, 480, 523, 627, 717, 812, 829, 847, 855, 862, 871, 874,
     884, 977
[20] 119, 265, 308, 319, 371, 394, 407, 410, 413, 447, 505, 507, 562, 760, 897
[21] 6, 56, 58, 154, 267, 311, 535, 646, 791, 851, 893, 907, 971
[22] 43, 156, 245, 268, 310, 551, 611, 690, 697, 824, 928, 944
[23] 33, 97, 102, 104, 159, 167, 356, 443, 493, 500, 501, 653, 915
[24] 2, 10, 41, 91, 153, 452, 481, 533, 638, 651, 756, 912
[25] 8, 23, 72, 110, 313, 553, 559, 577, 667, 679
[26] 52, 103, 170, 174, 286, 406, 685, 694, 998
[27] 17, 55, 189, 223, 370, 565, 770, 809, 956
[28] 57, 152, 225, 408, 441, 703, 789, 854, 918
[29] 48, 180, 431, 510, 558, 689, 807, 810, 821
[30] 134, 158, 258, 281, 284, 669, 780, 909, 946
[31] 39, 188, 193, 196, 312, 830, 933, 976
[32] 9, 47, 185, 190, 368, 399, 952
[33] 28, 321, 423, 424
[34] 478, 749
0
578 349
282 349
896 333
469 795
NMI -  0.9787375571147141
Neighbourhood NMI -  0.23068059981575223
Community splits -  6
Uniformity -  0.4502360788917717
1
372 595
124 198
219 379
NMI -  0.9804294633653831
Neighbourhood NMI -  0.23171604735694382
Community splits -  6
Uniformity -  0.3124485982445981
2
NMI -  0.9873209442447997
Neighbourhood NMI -  0.24339221117962187
Community splits -  5
Uniformity -  0.3126497136507334
3
595 372
964 649
858 198
NMI -  0.9888474046668807
Neighbourhood NMI -  0.21577961107717009
Community splits -  2
Uniformity -  0.08831978220001763
4
349 578
983 687
349 282
NMI -  0.9892720936546519
Neighbourhood NMI -  0.2388579745646984
Community splits -  3
Uniformity -  0.16486545386241344
5
NMI -  0.9790236846873581
Neighbourhood NMI -  0.24381478317648234
Community splits -  2
Uniformity -  0.09962338946616205
6
869 578
857 282
358 896
NMI -  0.98151726137808
Neighbourhood NMI -  0.22480326585553304
Community splits -  3
Uniformity -  0.18683705942116682
7
608 713
276 595
883 649
NMI -  0.9901455888264679
Neighbourhood NMI -  0.2650726199061196
Community splits -  1
Uniformity -  3.8712010109078907
8
613 896
NMI -  0.9836265831827593
Neighbourhood NMI -  0.2476172460417768
Community splits -  2
Uniformity -  0.098039113279732
9
108 469
NMI -  0.9837045302194782
Neighbourhood NMI -  0.2663574040307387
Community splits -  3
Uniformity -  0.21641408919322774
10
NMI -  0.9864574028582975
Neighbourhood NMI -  0.2536540795439677
Community splits -  2
Uniformity -  0.10847133903591605
11
882 508
NMI -  0.9848673916122954
Neighbourhood NMI -  0.30413213388890015
Community splits -  3
Uniformity -  0.25864093210673234
12
NMI -  0.985455848669168
Neighbourhood NMI -  0.2998127554911918
Community splits -  1
Uniformity -  3.401197381662155
13
NMI -  0.9884671215898758
Neighbourhood NMI -  0.32624151035259935
Community splits -  1
Uniformity -  3.091042453358315
14
NMI -  0.9858407901077006
Neighbourhood NMI -  0.36538034807930975
Community splits -  3
Uniformity -  0.355712859746894
15
NMI -  0.9854920176202837
Neighbourhood NMI -  0.36151222474937417
Community splits -  3
Uniformity -  0.3805062184775959
16
NMI -  0.9853604696339063
Neighbourhood NMI -  0.3802490446523489
Community splits -  1
Uniformity -  2.890371757896165
17
NMI -  0.9918913695571216
Neighbourhood NMI -  0.38052176861209014
Community splits -  1
Uniformity -  2.890371757896165
18
NMI -  0.9926611827801656
Neighbourhood NMI -  0.3646451510552354
Community splits -  1
Uniformity -  2.9444389791664403
19
NMI -  0.9901455888264679
Neighbourhood NMI -  0.37516702009235425
Community splits -  1
Uniformity -  2.772588722239781
20
NMI -  0.9868162179513277
Neighbourhood NMI -  0.40241452045594334
Community splits -  2
Uniformity -  0.24493002679463532
21
NMI -  0.9859244826765444
Neighbourhood NMI -  0.42661954923545703
Community splits -  1
Uniformity -  2.564949357461537
22
NMI -  0.9859244826765444
Neighbourhood NMI -  0.4970878586836203
Community splits -  2
Uniformity -  0.2868359830561607
23
NMI -  0.9914908950168038
Neighbourhood NMI -  0.45679063892171035
Community splits -  1
Uniformity -  2.564949357461537
24
NMI -  0.9862957214152562
Neighbourhood NMI -  0.48433970435294477
Community splits -  2
Uniformity -  0.2868359830561607
25
NMI -  0.9854557639179922
Neighbourhood NMI -  0.49041281249139973
Community splits -  1
Uniformity -  2.3025850929940455
26
NMI -  0.9834621497506955
Neighbourhood NMI -  0.5017303113217798
Community splits -  2
Uniformity -  0.34883209584303193
27
NMI -  0.9875595943677228
Neighbourhood NMI -  0.4788313098307335
Community splits -  2
Uniformity -  0.34883209584303193
28
NMI -  0.9829404545116331
Neighbourhood NMI -  0.4314376019270598
Community splits -  1
Uniformity -  2.1972245773362196
29
NMI -  0.9890673443913793
Neighbourhood NMI -  0.5329054649195167
Community splits -  1
Uniformity -  2.1972245773362196
30
NMI -  0.9863493772947899
Neighbourhood NMI -  0.5329720647012697
Community splits -  1
Uniformity -  2.1972245773362196
31
NMI -  0.9884449409720455
Neighbourhood NMI -  0.4985124620723365
Community splits -  1
Uniformity -  2.0794415416798357
32
NMI -  0.9859244826765444
Neighbourhood NMI -  0.505873256833067
Community splits -  1
Uniformity -  2.1972245773362196
33
423 349
NMI -  0.9916962247948522
Neighbourhood NMI -  0.5531479566088091
Community splits -  2
Uniformity -  0.5623351446188083
34
749 578
NMI -  0.9811599427792362
Neighbourhood NMI -  0.7844922073424331
Community splits -  2
Uniformity -  0.6931471805599453
Neighbourhood average -  0.38277072912057963
Community average -  0.986222181993978
Community split average -  2.057142857142857
Community uniformity -  1.3133299674119279
Beta Value -  0.2
Clustering with 1000 elements and 36 clusters
[ 0] 0, 24, 26, 29, 35, 42, 65, 68, 74, 75, 81, 88, 95, 118, 129, 141, 149,
     192, 198, 208, 253, 256, 269, 282, 288, 299, 306, 318, 332, 337, 342,
     365, 366, 395, 402, 403, 411, 422, 434, 453, 469, 473, 476, 477, 490,
     508, 512, 515, 536, 546, 547, 552, 556, 557, 560, 561, 573, 576, 578,
     583, 594, 606, 615, 639, 640, 642, 649, 655, 705, 733, 769, 772, 773,
     788, 798, 801, 817, 818, 825, 833, 835, 843, 863, 865, 896, 899, 904,
     905, 924, 934, 941, 943, 962, 973, 984
[ 1] 1, 49, 64, 66, 77, 85, 87, 124, 128, 132, 133, 139, 145, 148, 151, 155,
     157, 176, 179, 186, 199, 216, 219, 221, 234, 236, 242, 247, 254, 273,
     274, 289, 290, 355, 357, 360, 372, 391, 401, 420, 426, 428, 433, 442,
     445, 461, 464, 482, 541, 566, 567, 574, 579, 582, 586, 596, 600, 647,
     662, 664, 665, 678, 700, 727, 736, 746, 750, 761, 768, 775, 776, 782,
     839, 849, 850, 859, 866, 881, 919, 920, 922, 927, 935, 954, 972, 986, 999
[ 2] 19, 54, 62, 70, 93, 122, 143, 195, 207, 212, 218, 224, 227, 283, 285,
     298, 300, 314, 320, 323, 343, 348, 379, 384, 385, 418, 419, 425, 432,
     439, 444, 456, 496, 502, 518, 527, 534, 555, 570, 591, 593, 602, 604,
     618, 645, 680, 681, 691, 737, 745, 759, 781, 785, 794, 795, 803, 804,
     844, 891, 900, 925, 929, 930, 948, 957, 991
[ 3] 59, 86, 131, 137, 144, 166, 205, 215, 235, 243, 251, 255, 272, 295, 301,
     317, 330, 334, 336, 374, 382, 383, 393, 400, 414, 465, 466, 468, 543,
     548, 564, 595, 610, 671, 687, 688, 699, 702, 744, 753, 787, 808, 819,
     820, 822, 832, 837, 858, 873, 892, 937, 942, 945, 960, 964, 969, 992
[ 4] 21, 45, 67, 71, 94, 135, 165, 168, 187, 191, 203, 213, 232, 257, 260,
     275, 293, 309, 315, 324, 326, 339, 347, 349, 373, 421, 435, 450, 458,
     474, 483, 488, 529, 550, 569, 641, 677, 701, 704, 714, 721, 735, 739,
     767, 805, 811, 814, 834, 870, 878, 894, 895, 902, 906, 914, 938, 963,
     965, 968, 983, 989, 996
[ 5] 12, 13, 18, 30, 53, 84, 112, 125, 183, 204, 244, 252, 277, 327, 333, 335,
     430, 454, 479, 514, 521, 524, 590, 650, 676, 696, 707, 713, 723, 729,
     743, 763, 793, 797, 802, 838, 875, 890, 910, 916, 917, 936, 947, 951,
     953, 980, 981, 985, 987
[ 6] 4, 14, 46, 92, 100, 117, 136, 147, 184, 231, 249, 279, 329, 358, 377,
     389, 390, 448, 462, 485, 495, 497, 511, 516, 517, 522, 526, 531, 540,
     542, 545, 587, 598, 636, 660, 695, 715, 720, 734, 748, 755, 800, 840,
     841, 842, 857, 861, 864, 869, 877, 978, 979, 997
[ 7] 11, 22, 106, 127, 164, 175, 194, 197, 200, 201, 206, 238, 276, 280, 325,
     341, 363, 369, 392, 412, 416, 449, 455, 459, 472, 487, 509, 549, 601,
     607, 608, 619, 620, 624, 634, 635, 637, 711, 724, 725, 730, 813, 836,
     848, 853, 883, 966, 994
[ 8] 27, 31, 37, 50, 98, 138, 140, 160, 161, 163, 237, 241, 278, 304, 331,
     340, 351, 387, 388, 404, 405, 415, 467, 475, 491, 506, 513, 519, 539,
     554, 568, 613, 630, 644, 672, 686, 709, 777, 783, 784, 786, 790, 796,
     799, 831, 860, 880, 898, 901, 967
[ 9] 73, 108, 115, 130, 178, 181, 228, 259, 261, 291, 303, 307, 338, 346, 381,
     417, 446, 457, 486, 498, 528, 530, 538, 571, 599, 603, 614, 617, 658,
     663, 673, 693, 706, 712, 732, 742, 765, 792, 846, 879, 888, 908, 923, 950
[10] 61, 63, 78, 107, 113, 202, 214, 230, 233, 292, 316, 352, 353, 354, 362,
     376, 386, 397, 409, 440, 470, 471, 499, 563, 575, 597, 609, 628, 648,
     657, 692, 758, 766, 771, 778, 828, 868, 885, 887, 903, 911, 926, 949
[11] 3, 51, 69, 79, 80, 169, 171, 182, 220, 262, 270, 271, 297, 396, 436, 520,
     572, 584, 592, 623, 631, 682, 683, 684, 716, 738, 752, 815, 882, 889,
     959, 961, 990, 995
[12] 16, 25, 32, 38, 44, 90, 96, 116, 126, 162, 239, 246, 248, 294, 305, 345,
     350, 364, 398, 612, 654, 656, 661, 698, 754, 764, 779, 827, 886, 913
[13] 101, 105, 120, 209, 211, 217, 226, 229, 296, 463, 504, 629, 710, 728,
     740, 823, 852, 921, 932, 940, 982, 993
[14] 5, 7, 15, 20, 34, 40, 150, 172, 287, 322, 525, 544, 580, 589, 659, 666,
     670, 708, 806, 826, 856, 931, 970
[15] 142, 302, 328, 367, 375, 427, 494, 581, 585, 588, 616, 625, 674, 731,
     762, 845, 876, 939, 955, 958
[16] 60, 109, 121, 240, 263, 266, 344, 378, 380, 489, 532, 622, 626, 632, 633,
     718, 867, 974
[17] 76, 114, 210, 250, 451, 484, 492, 503, 537, 621, 643, 668, 675, 741, 747,
     751, 757, 988
[18] 36, 82, 89, 99, 111, 123, 146, 177, 222, 264, 359, 437, 605, 652, 722,
     726, 774, 872, 975
[19] 361, 429, 460, 480, 523, 627, 717, 812, 829, 847, 855, 862, 871, 874,
     884, 977
[20] 119, 265, 308, 319, 371, 394, 407, 410, 413, 447, 505, 507, 562, 760, 897
[21] 6, 56, 58, 154, 267, 311, 535, 646, 791, 851, 893, 907, 971
[22] 43, 156, 245, 268, 310, 551, 611, 690, 697, 824, 928
[23] 33, 97, 102, 104, 159, 167, 443, 493, 500, 501, 653, 915
[24] 2, 10, 41, 91, 153, 452, 481, 638, 651, 756, 912
[25] 8, 23, 72, 110, 313, 553, 559, 577, 667, 679
[26] 52, 103, 170, 174, 286, 406, 685, 694, 998
[27] 17, 55, 189, 223, 370, 565, 770, 809, 956
[28] 57, 152, 225, 408, 441, 703, 789, 854, 918
[29] 48, 180, 431, 510, 558, 689, 807, 810, 821
[30] 134, 158, 258, 281, 284, 669, 780, 909, 946
[31] 39, 188, 193, 196, 312, 830, 933, 976
[32] 83, 173, 356, 438, 533, 719, 816, 944
[33] 9, 47, 185, 190, 368, 399, 952
[34] 28, 321, 423, 424
[35] 478, 749
0
578 349
282 349
896 333
469 795
649 964
198 124
788 360
0 445
NMI -  0.9787933793747086
Neighbourhood NMI -  0.22664327041370183
Community splits -  7
Uniformity -  0.43486010165118755
1
372 595
124 198
219 379
566 19
372 858
461 857
NMI -  0.9738916265855808
Neighbourhood NMI -  0.23123828988626385
Community splits -  7
Uniformity -  0.3745244229250718
2
343 168
379 124
795 469
NMI -  0.9812616019523441
Neighbourhood NMI -  0.2449742343130093
Community splits -  5
Uniformity -  0.3126497136507334
3
595 372
964 649
858 198
688 788
595 124
964 863
699 358
59 566
NMI -  0.9831044255697685
Neighbourhood NMI -  0.22129505628646481
Community splits -  3
Uniformity -  0.17632626454006067
4
349 578
983 687
349 282
NMI -  0.9829905524744424
Neighbourhood NMI -  0.23807825299567162
Community splits -  3
Uniformity -  0.16486545386241344
5
333 578
NMI -  0.9808133841770003
Neighbourhood NMI -  0.2515912897330363
Community splits -  2
Uniformity -  0.09962338946616205
6
869 578
857 282
358 896
NMI -  0.9790217164289368
Neighbourhood NMI -  0.2250078544349717
Community splits -  4
Uniformity -  0.27970417258217267
7
608 713
276 595
883 649
NMI -  0.9851357609172107
Neighbourhood NMI -  0.26931328507887675
Community splits -  1
Uniformity -  3.8712010109078907
8
613 896
539 582
467 795
568 469
NMI -  0.9853238311246356
Neighbourhood NMI -  0.2561157461498024
Community splits -  3
Uniformity -  0.19567003495657082
9
108 469
NMI -  0.9811732201585296
Neighbourhood NMI -  0.27353484505064746
Community splits -  4
Uniformity -  0.3238156626710653
10
NMI -  0.9886925745923069
Neighbourhood NMI -  0.259099066367166
Community splits -  2
Uniformity -  0.11045304667259806
11
882 508
752 556
NMI -  0.9847153512219347
Neighbourhood NMI -  0.3054229276259708
Community splits -  2
Uniformity -  0.13269142083987176
12
116 761
246 782
NMI -  0.989040785597519
Neighbourhood NMI -  0.2981337103475494
Community splits -  1
Uniformity -  3.401197381662155
13
NMI -  0.9869915716034355
Neighbourhood NMI -  0.33760014112432035
Community splits -  1
Uniformity -  3.091042453358315
14
34 688
NMI -  0.9899452341020752
Neighbourhood NMI -  0.35812299109447104
Community splits -  3
Uniformity -  0.355712859746894
15
NMI -  0.9863098672024225
Neighbourhood NMI -  0.3696187924518854
Community splits -  2
Uniformity -  0.1985152433458726
16
NMI -  0.9906041128200933
Neighbourhood NMI -  0.38053389383988023
Community splits -  1
Uniformity -  2.890371757896165
17
NMI -  0.9916162664105008
Neighbourhood NMI -  0.3764041713092559
Community splits -  1
Uniformity -  2.890371757896165
18
222 795
NMI -  0.9857694430648499
Neighbourhood NMI -  0.3617461736294233
Community splits -  1
Uniformity -  2.9444389791664403
19
NMI -  0.9894070828420681
Neighbourhood NMI -  0.38128778622694787
Community splits -  1
Uniformity -  2.772588722239781
20
NMI -  0.9810492851411095
Neighbourhood NMI -  0.4001332030167132
Community splits -  2
Uniformity -  0.39267446722755217
21
NMI -  0.9863089577913979
Neighbourhood NMI -  0.4293789608588349
Community splits -  1
Uniformity -  2.564949357461537
22
NMI -  0.9794115157761303
Neighbourhood NMI -  0.48538899951540204
Community splits -  1
Uniformity -  2.484906649788001
23
NMI -  0.9825742799200599
Neighbourhood NMI -  0.46607640459029365
Community splits -  2
Uniformity -  0.2868359830561607
24
NMI -  0.9819144935397449
Neighbourhood NMI -  0.4597906287621575
Community splits -  1
Uniformity -  2.484906649788001
25
NMI -  0.9890786367014573
Neighbourhood NMI -  0.48751676937399907
Community splits -  1
Uniformity -  2.3025850929940455
26
NMI -  0.9825322139857482
Neighbourhood NMI -  0.5140989005184169
Community splits -  2
Uniformity -  0.34883209584303193
27
NMI -  0.9849723443479919
Neighbourhood NMI -  0.49638882771660353
Community splits -  2
Uniformity -  0.34883209584303193
28
NMI -  0.9890786367014573
Neighbourhood NMI -  0.43779101862265357
Community splits -  1
Uniformity -  2.1972245773362196
29
NMI -  0.9855452253535143
Neighbourhood NMI -  0.5316625401408978
Community splits -  1
Uniformity -  2.1972245773362196
30
NMI -  0.9846897878255851
Neighbourhood NMI -  0.5393635345779567
Community splits -  1
Uniformity -  2.1972245773362196
31
NMI -  0.9963212250021212
Neighbourhood NMI -  0.5037629003650205
Community splits -  1
Uniformity -  2.0794415416798357
32
944 156
NMI -  0.9849062768752075
Neighbourhood NMI -  0.6212979323135336
Community splits -  6
Uniformity -  1.6674619334292948
33
NMI -  0.991250832014379
Neighbourhood NMI -  0.505873256833067
Community splits -  1
Uniformity -  2.1972245773362196
34
423 349
NMI -  0.990834555036964
Neighbourhood NMI -  0.5531479566088091
Community splits -  2
Uniformity -  0.5623351446188083
35
749 578
NMI -  0.9806187263362626
Neighbourhood NMI -  0.7844922073424331
Community splits -  2
Uniformity -  0.6931471805599453
Neighbourhood average -  0.3911646060976697
Community average -  0.9851580216824858
Community split average -  2.25
Community uniformity -  1.389623065324214
Beta Value -  0.3
Clustering with 1000 elements and 38 clusters
[ 0] 0, 24, 26, 29, 35, 42, 65, 68, 74, 75, 81, 88, 95, 129, 141, 149, 192,
     198, 208, 253, 256, 269, 282, 288, 299, 306, 332, 337, 342, 365, 366,
     395, 402, 403, 411, 422, 434, 453, 469, 473, 476, 477, 490, 512, 515,
     536, 546, 547, 552, 556, 557, 560, 561, 573, 576, 578, 583, 594, 606,
     615, 639, 640, 642, 649, 655, 705, 733, 769, 772, 773, 788, 798, 801,
     817, 818, 833, 835, 843, 863, 865, 896, 899, 904, 905, 924, 934, 941,
     943, 962, 973, 984
[ 1] 1, 49, 64, 66, 77, 85, 87, 124, 128, 132, 133, 139, 145, 148, 151, 155,
     157, 176, 179, 186, 199, 216, 219, 221, 234, 236, 242, 247, 254, 273,
     274, 289, 290, 355, 357, 360, 372, 391, 401, 420, 426, 428, 433, 442,
     445, 461, 464, 482, 541, 566, 567, 574, 579, 582, 586, 596, 600, 647,
     662, 664, 665, 678, 700, 727, 736, 746, 750, 761, 768, 775, 776, 782,
     839, 849, 850, 859, 866, 881, 919, 920, 922, 927, 935, 954, 972, 986, 999
[ 2] 54, 62, 70, 93, 122, 143, 195, 207, 212, 218, 224, 227, 283, 285, 298,
     300, 314, 320, 323, 343, 348, 379, 384, 385, 418, 419, 425, 432, 439,
     444, 456, 496, 502, 518, 527, 534, 570, 591, 593, 602, 604, 618, 645,
     680, 681, 691, 737, 745, 759, 781, 785, 794, 795, 803, 804, 844, 891,
     900, 925, 929, 930, 948, 957, 991
[ 3] 59, 86, 131, 137, 144, 166, 205, 215, 235, 243, 251, 255, 272, 295, 301,
     317, 330, 334, 336, 374, 382, 383, 393, 400, 414, 465, 466, 468, 543,
     548, 564, 595, 610, 671, 687, 688, 699, 702, 744, 753, 787, 808, 819,
     820, 822, 832, 858, 873, 892, 937, 942, 945, 960, 964, 969, 992
[ 4] 21, 45, 67, 71, 94, 135, 165, 168, 187, 191, 203, 213, 232, 257, 260,
     275, 293, 309, 315, 324, 326, 339, 347, 349, 373, 421, 435, 450, 458,
     474, 483, 488, 529, 550, 569, 641, 677, 701, 704, 714, 721, 735, 739,
     767, 805, 811, 814, 834, 870, 878, 894, 895, 902, 906, 914, 938, 963,
     965, 968, 983, 989, 996
[ 5] 12, 13, 18, 30, 53, 84, 112, 125, 183, 204, 244, 252, 277, 327, 333, 335,
     430, 454, 479, 514, 521, 524, 590, 650, 676, 696, 707, 713, 723, 729,
     743, 763, 793, 797, 802, 838, 875, 890, 910, 916, 917, 936, 947, 951,
     953, 980, 981, 985, 987
[ 6] 4, 14, 46, 92, 100, 117, 136, 147, 184, 231, 249, 279, 329, 358, 377,
     389, 390, 448, 462, 485, 495, 497, 511, 516, 517, 522, 526, 531, 540,
     542, 545, 587, 598, 636, 660, 695, 715, 720, 734, 748, 755, 800, 840,
     841, 842, 857, 861, 864, 869, 877, 979, 997
[ 7] 11, 22, 106, 127, 164, 175, 194, 197, 200, 201, 206, 238, 276, 280, 325,
     341, 363, 369, 392, 412, 416, 449, 455, 459, 472, 487, 509, 549, 601,
     607, 608, 619, 620, 624, 634, 635, 637, 711, 724, 725, 730, 813, 836,
     848, 853, 883, 966, 994
[ 8] 27, 31, 37, 50, 98, 138, 140, 160, 161, 163, 237, 241, 278, 304, 331,
     340, 351, 387, 388, 404, 405, 415, 467, 475, 491, 506, 513, 519, 539,
     554, 568, 613, 630, 644, 672, 686, 709, 777, 783, 784, 786, 790, 796,
     799, 831, 860, 880, 898, 901, 967
[ 9] 73, 108, 115, 130, 178, 181, 228, 259, 261, 291, 303, 307, 338, 346, 381,
     417, 446, 457, 486, 498, 528, 530, 538, 571, 599, 603, 614, 617, 658,
     663, 673, 693, 706, 712, 732, 742, 765, 792, 846, 879, 888, 908, 923, 950
[10] 61, 63, 78, 107, 113, 173, 202, 214, 230, 233, 292, 316, 352, 353, 354,
     362, 376, 386, 397, 409, 440, 470, 471, 499, 563, 575, 597, 609, 628,
     648, 657, 692, 758, 766, 771, 778, 828, 868, 885, 887, 903, 911, 926, 949
[11] 3, 51, 69, 79, 80, 169, 171, 182, 220, 262, 270, 271, 297, 396, 436, 520,
     572, 584, 592, 623, 631, 682, 683, 684, 716, 738, 752, 815, 882, 889,
     959, 961, 990, 995
[12] 16, 25, 32, 38, 44, 90, 96, 116, 126, 162, 239, 246, 248, 294, 305, 345,
     350, 364, 398, 612, 654, 656, 661, 698, 754, 764, 779, 827, 886, 913
[13] 101, 105, 120, 209, 211, 217, 226, 229, 296, 463, 504, 629, 710, 728,
     740, 823, 852, 921, 932, 940, 982, 993
[14] 5, 7, 15, 20, 34, 40, 150, 172, 287, 322, 525, 544, 580, 589, 659, 666,
     670, 708, 806, 826, 856, 931, 970
[15] 142, 302, 328, 367, 375, 427, 494, 581, 585, 588, 616, 625, 674, 719,
     731, 762, 845, 876, 939, 955, 958
[16] 60, 109, 121, 240, 263, 266, 344, 378, 380, 489, 532, 622, 626, 632, 633,
     718, 867, 974
[17] 76, 114, 210, 250, 451, 484, 492, 503, 537, 621, 643, 668, 675, 741, 747,
     751, 757, 988
[18] 36, 82, 89, 99, 111, 123, 146, 177, 222, 264, 359, 437, 605, 652, 722,
     726, 774, 872, 975
[19] 361, 429, 460, 480, 523, 627, 717, 812, 829, 847, 855, 862, 871, 874,
     884, 977
[20] 119, 265, 308, 319, 371, 394, 407, 410, 413, 447, 505, 507, 562, 760, 897
[21] 6, 56, 58, 154, 267, 311, 535, 646, 791, 851, 893, 907, 971
[22] 43, 156, 245, 268, 310, 551, 611, 690, 697, 824, 928, 944
[23] 33, 97, 102, 104, 159, 167, 356, 443, 493, 500, 501, 653, 915
[24] 2, 10, 41, 91, 153, 452, 481, 533, 638, 651, 756, 912
[25] 8, 23, 72, 110, 313, 553, 559, 577, 667, 679
[26] 52, 103, 170, 174, 286, 406, 685, 694, 998
[27] 17, 55, 189, 223, 370, 565, 770, 809, 956
[28] 57, 152, 225, 408, 441, 703, 789, 854, 918
[29] 48, 180, 431, 510, 558, 689, 807, 810, 821
[30] 134, 158, 258, 281, 284, 669, 780, 909, 946
[31] 39, 188, 193, 196, 312, 830, 933, 976
[32] 9, 47, 185, 190, 368, 399, 952
[33] 28, 321, 423, 424
[34] 19, 118, 318, 978
[35] 83, 438, 555, 816
[36] 508, 825, 837
[37] 478, 749
0
578 349
282 349
896 333
469 795
649 964
198 124
788 360
0 445
476 108
578 135
NMI -  0.9815289163659443
Neighbourhood NMI -  0.23754895032108378
Community splits -  6
Uniformity -  0.3458963069256765
1
372 595
124 198
219 379
566 591
372 858
461 857
155 379
360 788
445 863
133 890
574 0
148 688
582 342
NMI -  0.9778126310367559
Neighbourhood NMI -  0.23513458767053497
Community splits -  8
Uniformity -  0.43645833964411784
2
343 232
379 124
795 469
NMI -  0.9871755951177983
Neighbourhood NMI -  0.24220503019616463
Community splits -  3
Uniformity -  0.1607216478472394
3
595 372
964 649
858 198
688 788
595 124
964 863
699 358
59 566
NMI -  0.9916773875133631
Neighbourhood NMI -  0.2201875158263226
Community splits -  3
Uniformity -  0.1788313601195989
4
349 578
983 687
349 282
NMI -  0.9861008257460127
Neighbourhood NMI -  0.2475425058066878
Community splits -  4
Uniformity -  0.2468971400380359
5
333 578
713 591
NMI -  0.9908070240704174
Neighbourhood NMI -  0.24780434894572148
Community splits -  2
Uniformity -  0.09962338946616205
6
869 578
857 282
358 896
869 649
542 863
NMI -  0.9930643691800027
Neighbourhood NMI -  0.2367433915031897
Community splits -  4
Uniformity -  0.2839515145925676
7
608 713
276 595
883 649
NMI -  0.9974665093208357
Neighbourhood NMI -  0.2735700256330443
Community splits -  1
Uniformity -  3.8712010109078907
8
613 896
539 582
467 795
568 469
644 649
NMI -  0.9910716432455288
Neighbourhood NMI -  0.25195588809405506
Community splits -  4
Uniformity -  0.36194703343578083
9
108 469
228 219
706 634
NMI -  0.9836430933872338
Neighbourhood NMI -  0.27150074468389257
Community splits -  5
Uniformity -  0.4306628574510464
10
409 999
NMI -  0.9883061454460972
Neighbourhood NMI -  0.25946271418936045
Community splits -  2
Uniformity -  0.10847133903591605
11
882 865
752 149
NMI -  0.9868316208793396
Neighbourhood NMI -  0.3056083221643956
Community splits -  3
Uniformity -  0.2644914396281835
12
116 761
246 782
NMI -  0.9974643419503865
Neighbourhood NMI -  0.3017853697457454
Community splits -  1
Uniformity -  3.401197381662155
13
940 566
629 649
NMI -  0.987125306386491
Neighbourhood NMI -  0.32828622792576145
Community splits -  1
Uniformity -  3.091042453358315
14
34 688
856 566
5 469
NMI -  0.9894691354535482
Neighbourhood NMI -  0.3596881480602177
Community splits -  3
Uniformity -  0.355712859746894
15
NMI -  0.9924740782106237
Neighbourhood NMI -  0.36021629740739713
Community splits -  3
Uniformity -  0.3805062184775959
16
NMI -  0.9944165343113701
Neighbourhood NMI -  0.3881187219541642
Community splits -  1
Uniformity -  2.890371757896165
17
NMI -  0.9944266434670843
Neighbourhood NMI -  0.38214883197796795
Community splits -  1
Uniformity -  2.890371757896165
18
222 795
NMI -  0.9868055678533818
Neighbourhood NMI -  0.3656729632907893
Community splits -  1
Uniformity -  2.9444389791664403
19
NMI -  0.9895566220798866
Neighbourhood NMI -  0.3897226218043657
Community splits -  1
Uniformity -  2.772588722239781
20
NMI -  0.9966488752222431
Neighbourhood NMI -  0.4124217933858245
Community splits -  2
Uniformity -  0.39267446722755217
21
NMI -  1.0
Neighbourhood NMI -  0.43245534324439094
Community splits -  1
Uniformity -  2.564949357461537
22
NMI -  0.9852992509903483
Neighbourhood NMI -  0.5096330719233538
Community splits -  2
Uniformity -  0.2868359830561607
23
NMI -  0.9901847110978376
Neighbourhood NMI -  0.48794047877462765
Community splits -  3
Uniformity -  0.5359610497090694
24
NMI -  0.9918845787723864
Neighbourhood NMI -  0.481364594537608
Community splits -  1
Uniformity -  2.484906649788001
25
NMI -  0.9917637438715412
Neighbourhood NMI -  0.48751676937399907
Community splits -  1
Uniformity -  2.3025850929940455
26
NMI -  0.9938332698823137
Neighbourhood NMI -  0.5048161869025903
Community splits -  3
Uniformity -  0.6837389058487535
27
NMI -  0.990108952121568
Neighbourhood NMI -  0.4804581163407968
Community splits -  4
Uniformity -  1.1490596969706202
28
NMI -  0.9960710705944411
Neighbourhood NMI -  0.4424034876912483
Community splits -  1
Uniformity -  2.1972245773362196
29
NMI -  1.0
Neighbourhood NMI -  0.5247810713589144
Community splits -  1
Uniformity -  2.1972245773362196
30
NMI -  0.9887801379379391
Neighbourhood NMI -  0.5393635345779567
Community splits -  1
Uniformity -  2.1972245773362196
31
NMI -  0.9925137116877844
Neighbourhood NMI -  0.5034510956043767
Community splits -  1
Uniformity -  2.0794415416798357
32
NMI -  0.9913771329816535
Neighbourhood NMI -  0.524044532578496
Community splits -  2
Uniformity -  0.410116318288409
33
423 349
NMI -  0.9924176343492385
Neighbourhood NMI -  0.5531479566088091
Community splits -  2
Uniformity -  0.5623351446188083
34
318 578
NMI -  0.9877053759563047
Neighbourhood NMI -  0.49085951846283515
Community splits -  3
Uniformity -  1.0397207708399179
35
816 578
NMI -  0.9874186596335859
Neighbourhood NMI -  0.7152058658120698
Community splits -  3
Uniformity -  1.0397207708399179
36
837 964
NMI -  0.9866637892195359
Neighbourhood NMI -  0.6730385748938091
Community splits -  2
Uniformity -  0.6365141682948128
37
749 578
NMI -  0.9835185408970462
Neighbourhood NMI -  0.7844922073424331
Community splits -  2
Uniformity -  0.6931471805599453
Neighbourhood average -  0.4066394054372369
Community average -  0.9903529849009961
Community split average -  2.4210526315789473
Community uniformity -  1.2886516931505734
Beta Value -  0.4
Clustering with 1000 elements and 37 clusters
[ 0] 0, 24, 26, 29, 35, 42, 65, 68, 74, 75, 81, 88, 95, 129, 141, 149, 192,
     198, 208, 253, 256, 269, 282, 288, 299, 306, 332, 337, 342, 365, 366,
     395, 402, 403, 411, 422, 434, 453, 469, 473, 476, 477, 490, 512, 515,
     536, 546, 547, 552, 556, 557, 560, 561, 573, 576, 578, 583, 594, 606,
     615, 639, 640, 642, 649, 655, 705, 733, 769, 772, 773, 788, 798, 801,
     817, 818, 833, 835, 843, 863, 865, 896, 899, 904, 905, 924, 934, 941,
     943, 962, 973, 984
[ 1] 1, 49, 64, 66, 77, 85, 87, 124, 128, 132, 133, 139, 145, 148, 151, 155,
     157, 176, 179, 186, 199, 216, 219, 221, 234, 236, 242, 247, 254, 273,
     274, 289, 290, 355, 357, 360, 372, 391, 401, 420, 426, 428, 433, 442,
     445, 461, 464, 482, 541, 566, 567, 574, 579, 582, 586, 596, 600, 647,
     662, 664, 665, 678, 700, 727, 736, 746, 750, 761, 768, 775, 776, 782,
     839, 849, 850, 859, 866, 881, 919, 920, 922, 927, 935, 954, 972, 986, 999
[ 2] 54, 62, 70, 93, 122, 143, 195, 207, 212, 218, 224, 227, 283, 285, 298,
     300, 314, 320, 323, 343, 348, 379, 384, 385, 418, 419, 425, 432, 439,
     444, 456, 496, 502, 518, 527, 534, 570, 591, 593, 602, 604, 618, 645,
     680, 681, 691, 737, 745, 759, 781, 785, 794, 795, 803, 804, 844, 891,
     900, 925, 929, 930, 948, 957, 991
[ 3] 21, 28, 45, 67, 71, 94, 102, 135, 165, 168, 187, 191, 203, 213, 232, 257,
     260, 275, 293, 309, 315, 324, 326, 339, 347, 349, 373, 421, 423, 424,
     435, 450, 458, 474, 483, 488, 529, 550, 569, 641, 677, 701, 704, 714,
     721, 735, 739, 767, 805, 811, 814, 834, 870, 878, 894, 895, 902, 906,
     914, 938, 963, 965, 968, 983, 989, 996
[ 4] 59, 86, 131, 137, 144, 166, 205, 215, 235, 243, 251, 255, 272, 295, 301,
     317, 330, 334, 336, 374, 382, 383, 393, 400, 414, 465, 466, 468, 543,
     548, 564, 595, 610, 671, 687, 688, 699, 702, 744, 753, 787, 808, 819,
     820, 822, 832, 858, 873, 892, 937, 942, 945, 960, 964, 969, 992
[ 5] 12, 13, 18, 30, 53, 84, 112, 125, 183, 204, 244, 252, 277, 327, 333, 335,
     430, 454, 479, 514, 521, 524, 590, 650, 676, 696, 707, 713, 723, 729,
     743, 763, 793, 797, 802, 838, 875, 890, 910, 916, 917, 936, 947, 951,
     953, 980, 981, 985, 987
[ 6] 4, 14, 46, 92, 100, 117, 136, 147, 184, 231, 249, 279, 329, 358, 377,
     389, 390, 448, 462, 485, 495, 497, 511, 516, 517, 522, 526, 531, 540,
     542, 545, 587, 598, 636, 660, 695, 715, 720, 734, 748, 755, 800, 840,
     841, 842, 857, 861, 864, 869, 877, 979, 997
[ 7] 11, 22, 106, 127, 164, 175, 194, 197, 200, 201, 206, 238, 276, 280, 325,
     341, 363, 369, 392, 412, 416, 449, 455, 459, 472, 487, 509, 549, 601,
     607, 608, 619, 620, 624, 634, 635, 637, 711, 724, 725, 730, 813, 836,
     848, 853, 883, 966, 994
[ 8] 27, 31, 37, 50, 98, 138, 140, 160, 161, 163, 237, 241, 278, 304, 331,
     340, 351, 387, 388, 404, 405, 415, 467, 475, 491, 506, 513, 519, 539,
     554, 568, 613, 630, 644, 672, 686, 709, 777, 783, 784, 786, 790, 796,
     799, 831, 860, 880, 898, 901, 967
[ 9] 73, 108, 115, 130, 178, 181, 228, 259, 261, 291, 303, 307, 338, 346, 381,
     417, 446, 457, 486, 498, 528, 530, 538, 571, 599, 603, 614, 617, 658,
     663, 673, 693, 706, 712, 732, 742, 765, 792, 846, 879, 888, 908, 923, 950
[10] 61, 63, 78, 107, 113, 173, 202, 214, 230, 233, 292, 316, 321, 352, 353,
     354, 362, 376, 386, 397, 409, 440, 470, 471, 499, 563, 575, 597, 609,
     628, 648, 657, 692, 758, 766, 771, 778, 828, 868, 885, 887, 903, 911,
     926, 949
[11] 3, 51, 69, 79, 80, 169, 171, 182, 220, 262, 270, 271, 297, 396, 436, 520,
     572, 584, 592, 623, 631, 682, 683, 684, 716, 738, 752, 815, 882, 889,
     959, 961, 990, 995
[12] 16, 25, 32, 38, 44, 90, 96, 116, 126, 162, 239, 246, 248, 294, 305, 345,
     350, 364, 398, 612, 654, 656, 661, 698, 754, 764, 779, 827, 886, 913
[13] 101, 105, 120, 209, 211, 217, 226, 229, 296, 463, 504, 629, 710, 728,
     740, 823, 852, 921, 932, 940, 982, 993
[14] 5, 7, 15, 20, 34, 40, 150, 172, 287, 322, 525, 544, 580, 589, 659, 666,
     670, 708, 806, 826, 856, 931, 970
[15] 142, 302, 328, 367, 375, 427, 494, 581, 585, 588, 616, 625, 674, 731,
     762, 845, 876, 939, 955, 958
[16] 60, 109, 121, 240, 263, 266, 344, 378, 380, 489, 532, 622, 626, 632, 633,
     718, 867, 974
[17] 76, 114, 210, 250, 451, 484, 492, 503, 537, 621, 643, 668, 675, 741, 747,
     751, 757, 988
[18] 36, 82, 89, 99, 111, 123, 146, 177, 222, 264, 359, 437, 605, 652, 722,
     726, 774, 872, 975
[19] 361, 429, 460, 480, 523, 627, 717, 812, 829, 847, 855, 862, 871, 874,
     884, 977
[20] 33, 97, 104, 159, 167, 356, 443, 493, 500, 501, 533, 653, 719, 915, 944
[21] 119, 265, 308, 319, 371, 394, 407, 410, 413, 447, 505, 507, 562, 760, 897
[22] 6, 56, 58, 154, 267, 311, 535, 646, 791, 851, 893, 907, 971
[23] 43, 156, 245, 268, 310, 551, 611, 690, 697, 824, 928
[24] 2, 10, 41, 91, 153, 452, 481, 638, 651, 756, 912
[25] 8, 23, 72, 110, 313, 553, 559, 577, 667, 679
[26] 52, 103, 170, 174, 286, 406, 685, 694, 998
[27] 17, 55, 189, 223, 370, 565, 770, 809, 956
[28] 57, 152, 225, 408, 441, 703, 789, 854, 918
[29] 48, 180, 431, 510, 558, 689, 807, 810, 821
[30] 134, 158, 258, 281, 284, 669, 780, 909, 946
[31] 39, 188, 193, 196, 312, 830, 933, 976
[32] 9, 47, 185, 190, 368, 399, 952
[33] 19, 118, 318, 978
[34] 83, 438, 555, 816
[35] 508, 825, 837
[36] 478, 749
0
578 349
282 28
896 333
469 795
649 349
198 124
788 360
0 445
476 108
578 135
282 187
NMI -  0.9806518985667955
Neighbourhood NMI -  0.23196144049101244
Community splits -  6
Uniformity -  0.3458963069256765
1
372 28
124 198
219 379
566 591
372 878
461 857
155 379
360 788
445 863
133 890
574 0
148 595
582 342
NMI -  0.9781758413558572
Neighbourhood NMI -  0.23193642277022217
Community splits -  7
Uniformity -  0.42052392170021113
2
343 232
379 124
795 469
NMI -  0.9845100633533908
Neighbourhood NMI -  0.2421890053825246
Community splits -  3
Uniformity -  0.1607216478472394
3
349 578
983 687
28 282
349 469
NMI -  0.9868076642316538
Neighbourhood NMI -  0.2428341794616025
Community splits -  5
Uniformity -  0.417586399612329
4
595 372
964 649
858 198
688 788
595 124
964 863
699 358
59 566
858 395
NMI -  0.980956990043008
Neighbourhood NMI -  0.22424423769974094
Community splits -  3
Uniformity -  0.1788313601195989
5
333 578
713 591
333 282
890 219
NMI -  0.9897061939759472
Neighbourhood NMI -  0.24623744049617965
Community splits -  2
Uniformity -  0.09962338946616205
6
869 578
857 282
358 896
869 649
NMI -  0.979852034463012
Neighbourhood NMI -  0.23038446709517288
Community splits -  4
Uniformity -  0.2839515145925676
7
608 713
276 187
883 649
NMI -  0.9855682645762318
Neighbourhood NMI -  0.26941301424053066
Community splits -  3
Uniformity -  0.2020863392725082
8
613 896
539 582
467 795
568 469
644 649
NMI -  0.9814306976760897
Neighbourhood NMI -  0.252358113135542
Community splits -  5
Uniformity -  0.3896729206581786
9
108 469
228 219
706 634
NMI -  0.9821066997536515
Neighbourhood NMI -  0.26917534442718666
Community splits -  6
Uniformity -  0.5369418112124382
10
409 999
766 920
609 896
NMI -  0.9872939307867257
Neighbourhood NMI -  0.2586709813534635
Community splits -  3
Uniformity -  0.21262682366313784
11
882 865
752 149
889 582
NMI -  0.9891356477830143
Neighbourhood NMI -  0.313706100970405
Community splits -  2
Uniformity -  0.22371807606583377
12
116 761
NMI -  0.9900544652006358
Neighbourhood NMI -  0.2924374708384801
Community splits -  1
Uniformity -  3.401197381662155
13
940 566
629 649
NMI -  0.9869691650780634
Neighbourhood NMI -  0.32242326438542274
Community splits -  1
Uniformity -  3.091042453358315
14
34 983
856 566
5 469
NMI -  0.9822877618642584
Neighbourhood NMI -  0.35111238015658647
Community splits -  3
Uniformity -  0.355712859746894
15
NMI -  0.9884992843878269
Neighbourhood NMI -  0.369606029779265
Community splits -  2
Uniformity -  0.1985152433458726
16
60 379
NMI -  0.9898828592896649
Neighbourhood NMI -  0.38553283725201914
Community splits -  1
Uniformity -  2.890371757896165
17
NMI -  0.9870187195058195
Neighbourhood NMI -  0.3752211846363096
Community splits -  1
Uniformity -  2.890371757896165
18
222 795
NMI -  0.9868368595539155
Neighbourhood NMI -  0.3625904473427141
Community splits -  1
Uniformity -  2.9444389791664403
19
361 198
NMI -  0.9970576925247827
Neighbourhood NMI -  0.38128778622694787
Community splits -  1
Uniformity -  2.772588722239781
20
NMI -  0.9849972533129412
Neighbourhood NMI -  0.45430702747772306
Community splits -  7
Uniformity -  1.3897154547004784
21
NMI -  0.9925863781913515
Neighbourhood NMI -  0.4111416834018717
Community splits -  2
Uniformity -  0.39267446722755217
22
NMI -  0.9924176343492385
Neighbourhood NMI -  0.42521453033030115
Community splits -  1
Uniformity -  2.564949357461537
23
NMI -  0.9877160049409078
Neighbourhood NMI -  0.47786606566396983
Community splits -  1
Uniformity -  2.484906649788001
24
NMI -  0.9848959873912272
Neighbourhood NMI -  0.45460435501121194
Community splits -  1
Uniformity -  2.484906649788001
25
NMI -  0.9898828592896649
Neighbourhood NMI -  0.48751676937399907
Community splits -  1
Uniformity -  2.3025850929940455
26
NMI -  0.9846190499399425
Neighbourhood NMI -  0.49472174341201686
Community splits -  3
Uniformity -  0.6837389058487535
27
NMI -  0.9824068236101803
Neighbourhood NMI -  0.48987494983917035
Community splits -  3
Uniformity -  0.8486855577264172
28
NMI -  0.9868055678533818
Neighbourhood NMI -  0.4424034876912483
Community splits -  1
Uniformity -  2.1972245773362196
29
NMI -  0.9901454209573158
Neighbourhood NMI -  0.5204927236797176
Community splits -  2
Uniformity -  0.34883209584303193
30
NMI -  0.9898828592896649
Neighbourhood NMI -  0.5354310010112395
Community splits -  1
Uniformity -  2.1972245773362196
31
196 372
NMI -  0.9903888749234808
Neighbourhood NMI -  0.508840166743034
Community splits -  1
Uniformity -  2.0794415416798357
32
NMI -  0.9837546135699894
Neighbourhood NMI -  0.524044532578496
Community splits -  2
Uniformity -  0.410116318288409
33
318 578
NMI -  0.9862079492355913
Neighbourhood NMI -  0.4996789682021576
Community splits -  1
Uniformity -  4.574710978503383
34
816 578
NMI -  0.9902636145890766
Neighbourhood NMI -  0.7468625741033439
Community splits -  2
Uniformity -  0.5623351446188083
35
837 964
NMI -  0.9823120571638412
Neighbourhood NMI -  0.6730385748938091
Community splits -  2
Uniformity -  0.6365141682948128
36
749 578
NMI -  0.9916745623110128
Neighbourhood NMI -  0.7844922073424331
Community splits -  2
Uniformity -  0.6931471805599453
Neighbourhood average -  0.3995636083485695
Community average -  0.9866421687807877
Community split average -  2.5135135135135136
Community uniformity -  1.320760226606571
Beta Value -  0.5
Clustering with 1000 elements and 37 clusters
[ 0] 0, 24, 26, 29, 35, 42, 65, 68, 74, 75, 81, 83, 88, 95, 129, 141, 149,
     192, 198, 208, 253, 256, 269, 282, 288, 299, 306, 332, 337, 342, 365,
     366, 395, 402, 403, 411, 422, 434, 453, 469, 473, 476, 477, 490, 512,
     515, 536, 546, 547, 552, 556, 557, 560, 561, 573, 576, 578, 583, 594,
     606, 615, 639, 640, 642, 649, 655, 705, 733, 769, 772, 773, 788, 798,
     801, 816, 817, 818, 833, 835, 843, 863, 865, 896, 899, 904, 905, 924,
     934, 941, 943, 962, 973, 984
[ 1] 1, 49, 64, 66, 77, 85, 87, 124, 128, 132, 133, 139, 145, 148, 151, 155,
     157, 176, 179, 186, 199, 216, 219, 221, 234, 236, 242, 247, 254, 273,
     274, 289, 290, 355, 357, 360, 372, 391, 401, 420, 426, 428, 433, 442,
     445, 461, 464, 482, 566, 567, 574, 579, 582, 586, 596, 600, 647, 662,
     664, 665, 678, 700, 727, 736, 746, 750, 761, 768, 775, 776, 782, 839,
     849, 850, 859, 866, 881, 919, 920, 922, 927, 935, 954, 972, 986, 999
[ 2] 54, 62, 70, 93, 122, 143, 195, 207, 212, 218, 224, 227, 283, 285, 298,
     300, 314, 320, 323, 343, 348, 379, 384, 385, 418, 419, 425, 432, 439,
     444, 456, 496, 502, 518, 527, 534, 555, 570, 591, 593, 602, 604, 618,
     645, 680, 681, 691, 737, 745, 759, 781, 785, 794, 795, 803, 804, 844,
     891, 900, 925, 929, 930, 948, 957, 991
[ 3] 21, 45, 67, 71, 94, 102, 135, 165, 168, 187, 191, 203, 213, 232, 257,
     260, 275, 293, 309, 315, 324, 326, 339, 347, 349, 373, 421, 435, 450,
     458, 474, 483, 488, 529, 550, 569, 641, 677, 701, 704, 714, 721, 735,
     739, 767, 805, 811, 814, 834, 870, 878, 894, 895, 902, 906, 914, 938,
     963, 965, 968, 983, 989, 996
[ 4] 59, 86, 131, 137, 144, 166, 205, 215, 235, 243, 251, 255, 272, 295, 301,
     317, 330, 334, 336, 374, 382, 383, 393, 400, 414, 465, 466, 468, 543,
     548, 564, 595, 610, 671, 687, 688, 699, 702, 744, 787, 808, 819, 820,
     822, 832, 858, 873, 892, 937, 942, 945, 960, 964, 969, 992
[ 5] 12, 13, 18, 30, 53, 84, 112, 125, 183, 204, 244, 252, 277, 327, 333, 335,
     430, 454, 479, 514, 521, 524, 590, 650, 676, 696, 707, 713, 723, 729,
     743, 763, 793, 797, 802, 838, 875, 890, 910, 916, 917, 936, 947, 951,
     953, 980, 981, 985, 987
[ 6] 4, 14, 46, 92, 100, 117, 136, 147, 184, 231, 249, 279, 329, 358, 377,
     389, 390, 448, 462, 485, 495, 497, 511, 516, 517, 522, 526, 531, 540,
     542, 545, 587, 598, 636, 660, 695, 715, 720, 734, 748, 755, 800, 840,
     841, 842, 857, 861, 864, 869, 877, 979, 997
[ 7] 11, 22, 106, 127, 164, 175, 194, 197, 200, 201, 206, 238, 276, 280, 325,
     341, 363, 369, 392, 412, 416, 449, 455, 459, 472, 487, 509, 549, 601,
     607, 608, 619, 620, 624, 634, 635, 637, 711, 724, 725, 730, 813, 836,
     848, 853, 883, 966, 994
[ 8] 27, 31, 37, 50, 98, 138, 140, 160, 161, 163, 237, 241, 278, 304, 331,
     340, 351, 387, 388, 404, 405, 415, 467, 475, 491, 506, 513, 519, 539,
     554, 568, 613, 630, 644, 672, 686, 709, 777, 783, 784, 786, 790, 796,
     799, 831, 860, 880, 898, 901, 967
[ 9] 73, 108, 115, 130, 178, 181, 228, 259, 261, 291, 303, 307, 338, 346, 381,
     417, 446, 457, 486, 498, 528, 530, 538, 571, 599, 603, 614, 617, 658,
     663, 673, 693, 706, 712, 732, 742, 765, 792, 846, 879, 888, 908, 923, 950
[10] 61, 63, 78, 107, 113, 173, 202, 214, 230, 233, 292, 316, 352, 353, 354,
     362, 376, 386, 397, 409, 440, 470, 471, 499, 563, 575, 597, 609, 628,
     648, 657, 692, 758, 766, 771, 778, 828, 868, 885, 887, 903, 911, 926, 949
[11] 3, 51, 69, 79, 80, 169, 171, 182, 220, 262, 270, 271, 297, 396, 436, 438,
     520, 572, 584, 592, 623, 631, 682, 683, 684, 716, 738, 752, 815, 882,
     889, 959, 961, 990, 995
[12] 16, 25, 32, 38, 44, 90, 96, 116, 126, 162, 239, 246, 248, 294, 305, 345,
     350, 364, 398, 612, 654, 656, 661, 698, 754, 764, 779, 827, 886, 913
[13] 101, 105, 120, 209, 211, 217, 226, 229, 296, 463, 504, 629, 710, 728,
     740, 823, 852, 921, 932, 940, 982, 993
[14] 5, 7, 15, 20, 34, 40, 150, 172, 287, 322, 525, 544, 580, 589, 659, 666,
     670, 708, 806, 826, 856, 931, 970
[15] 142, 302, 328, 367, 375, 427, 494, 581, 585, 588, 616, 625, 674, 731,
     762, 845, 876, 939, 955, 958
[16] 60, 109, 121, 240, 263, 266, 344, 378, 380, 489, 532, 622, 626, 632, 633,
     718, 867, 974
[17] 76, 114, 210, 250, 451, 484, 492, 503, 537, 621, 643, 668, 675, 741, 747,
     751, 757, 988
[18] 36, 82, 89, 99, 111, 123, 146, 177, 222, 264, 359, 437, 605, 652, 722,
     726, 774, 872, 975
[19] 361, 429, 460, 480, 523, 627, 717, 812, 829, 847, 855, 862, 871, 874,
     884, 977
[20] 33, 97, 104, 159, 167, 356, 443, 493, 500, 501, 533, 653, 719, 915, 944
[21] 119, 265, 308, 319, 371, 394, 407, 410, 413, 447, 505, 507, 562, 760, 897
[22] 6, 56, 58, 154, 267, 311, 535, 646, 791, 851, 893, 907, 971
[23] 43, 156, 245, 268, 310, 551, 611, 690, 697, 824, 928
[24] 2, 10, 41, 91, 153, 452, 481, 638, 651, 756, 912
[25] 8, 23, 72, 110, 313, 553, 559, 577, 667, 679
[26] 52, 103, 170, 174, 286, 406, 685, 694, 998
[27] 17, 55, 189, 223, 370, 565, 770, 809, 956
[28] 9, 47, 185, 190, 368, 399, 541, 753, 952
[29] 57, 152, 225, 408, 441, 703, 789, 854, 918
[30] 48, 180, 431, 510, 558, 689, 807, 810, 821
[31] 134, 158, 258, 281, 284, 669, 780, 909, 946
[32] 39, 188, 193, 196, 312, 830, 933, 976
[33] 28, 321, 423, 424
[34] 19, 118, 318, 978
[35] 508, 825, 837
[36] 478, 749
0
578 349
282 349
896 333
469 795
649 135
198 124
788 360
0 445
476 108
578 187
282 257
NMI -  0.9733979610383795
Neighbourhood NMI -  0.22571260781931776
Community splits -  6
Uniformity -  0.42176628854249126
1
372 878
124 198
219 379
566 591
372 373
461 857
155 379
360 788
445 863
574 0
148 595
582 816
124 342
355 836
133 890
NMI -  0.9831924165582245
Neighbourhood NMI -  0.23535429672177416
Community splits -  7
Uniformity -  0.4244324740905474
2
343 168
379 124
795 469
343 232
314 858
591 219
379 566
795 198
419 467
680 155
737 124
NMI -  0.9821742794361686
Neighbourhood NMI -  0.2441209586175689
Community splits -  4
Uniformity -  0.23773601031416514
3
349 578
983 687
349 282
NMI -  0.9808944549118407
Neighbourhood NMI -  0.2378447366911772
Community splits -  5
Uniformity -  0.32448854876554145
4
595 372
964 649
858 198
688 788
595 124
699 358
964 863
59 566
858 395
NMI -  0.9861063492265143
Neighbourhood NMI -  0.21813909944729148
Community splits -  2
Uniformity -  0.09087612133300153
5
333 578
713 591
333 282
890 219
NMI -  0.9913273303233868
Neighbourhood NMI -  0.24920926528050244
Community splits -  2
Uniformity -  0.09962338946616205
6
869 578
857 282
358 896
869 649
542 863
NMI -  0.9785783161584589
Neighbourhood NMI -  0.22677796085162352
Community splits -  4
Uniformity -  0.2839515145925676
7
608 713
276 187
883 649
NMI -  0.9772389464607508
Neighbourhood NMI -  0.26737334934463564
Community splits -  3
Uniformity -  0.2020863392725082
8
613 896
539 582
467 795
568 469
644 649
NMI -  0.9753945224926499
Neighbourhood NMI -  0.25044760794587945
Community splits -  4
Uniformity -  0.36194703343578083
9
108 469
228 219
706 634
530 566
130 649
NMI -  0.985233857806696
Neighbourhood NMI -  0.27133315472423924
Community splits -  6
Uniformity -  0.5369418112124382
10
409 999
NMI -  0.9851636041441607
Neighbourhood NMI -  0.2581026538448015
Community splits -  2
Uniformity -  0.10847133903591605
11
882 816
752 865
889 582
NMI -  0.9892973766157628
Neighbourhood NMI -  0.3100453756560724
Community splits -  3
Uniformity -  0.3470668257548097
12
116 761
246 782
NMI -  0.9909928854430563
Neighbourhood NMI -  0.30249570894464184
Community splits -  1
Uniformity -  3.401197381662155
13
940 566
629 649
NMI -  0.9944395997366696
Neighbourhood NMI -  0.34055829943881133
Community splits -  1
Uniformity -  3.091042453358315
14
34 983
708 469
856 566
5 198
NMI -  0.9820545738095753
Neighbourhood NMI -  0.3441845374171209
Community splits -  3
Uniformity -  0.355712859746894
15
NMI -  0.9849039981790457
Neighbourhood NMI -  0.3668402850280309
Community splits -  2
Uniformity -  0.1985152433458726
16
60 379
NMI -  0.9904461691761772
Neighbourhood NMI -  0.37562121170049745
Community splits -  1
Uniformity -  2.890371757896165
17
NMI -  0.9904461691761772
Neighbourhood NMI -  0.37942755765770825
Community splits -  1
Uniformity -  2.890371757896165
18
222 795
NMI -  0.9918961776047309
Neighbourhood NMI -  0.366506236330229
Community splits -  1
Uniformity -  2.9444389791664403
19
361 198
NMI -  0.9928053380959
Neighbourhood NMI -  0.38154523576494803
Community splits -  1
Uniformity -  2.772588722239781
20
NMI -  0.982459683552284
Neighbourhood NMI -  0.45966341366316255
Community splits -  7
Uniformity -  1.3897154547004784
21
NMI -  0.9903507314972094
Neighbourhood NMI -  0.4062454863379802
Community splits -  2
Uniformity -  0.39267446722755217
22
NMI -  0.9863982527560634
Neighbourhood NMI -  0.4104939793473881
Community splits -  1
Uniformity -  2.772588722239781
23
NMI -  0.9892292240288855
Neighbourhood NMI -  0.47786606566396983
Community splits -  1
Uniformity -  2.484906649788001
24
NMI -  0.9892292240288855
Neighbourhood NMI -  0.4589723017772078
Community splits -  1
Uniformity -  2.484906649788001
25
NMI -  0.9917746124885902
Neighbourhood NMI -  0.48751676937399907
Community splits -  1
Uniformity -  2.3025850929940455
26
NMI -  0.9890356668524156
Neighbourhood NMI -  0.498628613769678
Community splits -  3
Uniformity -  0.6837389058487535
27
NMI -  0.9819488719190919
Neighbourhood NMI -  0.47554613431109133
Community splits -  6
Uniformity -  1.7351264569629226
28
NMI -  0.9885482029394108
Neighbourhood NMI -  0.4661017868781145
Community splits -  3
Uniformity -  0.8486855577264172
29
NMI -  0.9892292240288855
Neighbourhood NMI -  0.4424034876912483
Community splits -  1
Uniformity -  2.1972245773362196
30
NMI -  0.985334391165277
Neighbourhood NMI -  0.5343950616657038
Community splits -  2
Uniformity -  0.34883209584303193
31
NMI -  1.0
Neighbourhood NMI -  0.5378817080979434
Community splits -  1
Uniformity -  2.1972245773362196
32
196 372
196 219
NMI -  0.9904461691761772
Neighbourhood NMI -  0.5037629003650205
Community splits -  1
Uniformity -  2.0794415416798357
33
423 349
423 983
NMI -  0.9862656499755666
Neighbourhood NMI -  0.5531479566088091
Community splits -  2
Uniformity -  0.5623351446188083
34
318 578
318 282
NMI -  0.9855377576301844
Neighbourhood NMI -  0.49085951846283515
Community splits -  3
Uniformity -  1.0397207708399179
35
837 964
NMI -  0.9884393014793369
Neighbourhood NMI -  0.6730385748938091
Community splits -  2
Uniformity -  0.6365141682948128
36
749 578
NMI -  0.9956878272860198
Neighbourhood NMI -  0.7844922073424331
Community splits -  2
Uniformity -  0.6931471805599453
Neighbourhood average -  0.3922339487966829
Community average -  0.9869161923567191
Community split average -  2.6486486486486487
Community uniformity -  1.2657566179706072
